51
160
1 30 40
2 37 52
3 49 49
4 52 64
5 20 26
6 40 30
7 21 47
8 17 63
9 31 62
10 52 33
11 51 21
12 42 41
13 31 32
14 5 25
15 12 42
16 36 16
17 52 41
18 27 23
19 17 33
20 13 13
21 57 58
22 62 42
23 42 57
24 16 57
25 8 52
26 7 38
27 27 68
28 30 48
29 43 67
30 58 48
31 58 27
32 37 69
33 38 46
34 46 10
35 61 33
36 62 63
37 63 69
38 32 22
39 45 35
40 59 15
41 5 6
42 10 17
43 21 10
44 5 64
45 30 15
46 39 10
47 32 39
48 25 32
49 25 55
50 48 28
51 56 37
1 0
2 5
3 5
4 5
5 5
6 5
7 5
8 5
9 5
10 5
11 5
12 5
13 5
14 5
15 5
16 5
17 5
18 5
19 5
20 5
21 5
22 5
23 5
24 5
25 5
26 5
27 5
28 5
29 5
30 5
31 5
32 5
33 5
34 5
35 5
36 5
37 5
38 5
39 5
40 5
41 5
42 5
43 5
44 5
45 5
46 5
47 5
48 5
49 5
50 5
51 5
