100 200
35 35
41 49 10
35 17 7
55 45 13
55 20 19
15 30 26
25 30 3
20 50 5
10 43 9
55 60 16
30 60 16
20 65 12
50 35 19
30 25 23
15 10 20
30 5 8
10 20 19
5 30 2
20 40 12
15 60 17
45 65 9
45 20 11
45 10 18
55 5 29
65 35 3
65 20 6
45 30 17
35 40 16
41 37 16
64 42 9
40 60 21
31 52 27
35 69 23
53 52 11
65 55 14
63 65 8
2 60 5
20 20 8
5 5 16
60 12 31
40 25 9
42 7 5
24 12 5
23 3 7
11 14 18
6 38 16
2 48 1
8 56 27
13 52 36
6 68 30
47 47 13
49 58 10
27 43 9
37 31 14
57 29 18
63 23 2
53 12 6
32 12 7
36 26 18
21 24 28
17 34 3
12 24 13
24 58 19
27 69 10
15 77 9
62 77 20
49 73 25
67 5 25
56 39 36
37 47 6
37 56 5
57 68 15
47 16 25
44 17 9
46 13 8
49 11 18
49 42 13
53 43 14
61 52 3
57 48 23
56 37 6
55 54 26
15 47 16
14 37 11
11 31 7
16 22 41
4 18 35
28 18 26
26 52 9
26 35 15
31 67 3
15 19 1
22 22 2
18 24 22
26 27 27
25 24 20
22 27 11
25 21 12
19 21 10
20 26 9
18 18 17
0 53 28 26 12 80 68 29 24 54 55 25 4 39 67 23 56 75 41 22 74 72 73 21 40 58 13 94 95 97 87 2 57 15 43 42 14 38 44 86 16 61 85 91 100 37 98 92 59 93 99 96 6 89 52 18 83 60 5 84 17 45 8 46 47 36 49 64 63 90 32 10 62 11 19 48 82 7 88 31 70 30 20 66 71 65 35 34 78 81 9 51 33 79 3 77 76 50 1 69 27
629
