150 200
35 35
41 49 10
35 17 7
55 45 13
55 20 19
15 30 26
25 30 3
20 50 5
10 43 9
55 60 16
30 60 16
20 65 12
50 35 19
30 25 23
15 10 20
30 5 8
10 20 19
5 30 2
20 40 12
15 60 17
45 65 9
45 20 11
45 10 18
55 5 29
65 35 3
65 20 6
45 30 17
35 40 16
41 37 16
64 42 9
40 60 21
31 52 27
35 69 23
53 52 11
65 55 14
63 65 8
2 60 5
20 20 8
5 5 16
60 12 31
40 25 9
42 7 5
24 12 5
23 3 7
11 14 18
6 38 16
2 48 1
8 56 27
13 52 36
6 68 30
47 47 13
49 58 10
27 43 9
37 31 14
57 29 18
63 23 2
53 12 6
32 12 7
36 26 18
21 24 28
17 34 3
12 24 13
24 58 19
27 69 10
15 77 9
62 77 20
49 73 25
67 5 25
56 39 36
37 47 6
37 56 5
57 68 15
47 16 25
44 17 9
46 13 8
49 11 18
49 42 13
53 43 14
61 52 3
57 48 23
56 37 6
55 54 26
15 47 16
14 37 11
11 31 7
16 22 41
4 18 35
28 18 26
26 52 9
26 35 15
31 67 3
15 19 1
22 22 2
18 24 22
26 27 27
25 24 20
22 27 11
25 21 12
19 21 10
20 26 9
18 18 17
37 52 7
49 49 30
52 64 16
20 26 9
40 30 21
21 47 15
17 63 19
31 62 23
52 33 11
51 21 5
42 41 19
31 32 29
5 25 23
12 42 21
36 16 10
52 41 15
27 23 3
17 33 41
13 13 9
57 58 28
62 42 8
42 57 8
16 57 16
8 52 10
7 38 28
27 68 7
30 48 15
43 67 14
58 48 6
58 27 19
37 69 11
38 46 12
46 10 23
61 33 26
62 63 17
63 69 6
32 22 9
45 35 15
59 15 14
5 6 7
10 17 27
21 10 13
5 64 11
30 15 16
39 10 10
32 39 5
25 32 25
25 55 17
48 28 18
56 37 10
0 27 146 52 127 31 88 148 62 10 108 126 63 90 32 131 128 20 66 71 65 136 35 135 34 78 129 79 3 77 116 76 50 102 33 81 120 9 103 51 122 30 70 101 1 69 132 111 28 138 26 149 109 12 150 80 68 121 29 24 134 54 130 55 25 139 39 67 23 56 4 110 21 73 72 74 75 133 22 41 145 115 2 144 57 15 43 142 42 87 97 92 59 96 104 99 93 98 37 100 91 85 61 16 141 44 119 14 38 140 86 113 17 84 5 118 60 83 114 8 45 125 46 124 47 36 143 49 64 11 107 19 123 48 82 7 106 18 89 147 6 94 95 117 13 137 58 40 105 53 112
698
